uid,correct,time,style,correctI,correctS,device,csexp
1,true,2661.7999999970198,camelcase,3,add event listener,touch,yes,
1,true,1955.6000000014901,camelcase,1,get by class,touch,yes,
1,true,1416,kebabcase,2,local storage,touch,yes,
1,true,2059.7000000029802,camelcase,3,word array,touch,yes,
1,false,1710.2000000029802,kebabcase,4,correct index,touch,yes,
1,false,1464.8999999985099,kebabcase,2,start time,touch,yes,
1,false,2338,kebabcase,4,event bus,touch,yes,
1,false,1588.2000000029802,camelcase,3,add event listener,touch,yes,
1,true,2492.8000000044703,camelcase,1,get by class,touch,yes,
1,true,1402.1000000014901,kebabcase,2,local storage,touch,yes,
1,true,1263.3999999985099,camelcase,3,word array,touch,yes,
1,false,2061.5,kebabcase,4,correct index,touch,yes,
1,true,1531.6000000014901,kebabcase,2,start time,touch,yes,
2,false,815.3999999985099,kebabcase,2,event bus,null,null,
2,false,180.19999999552965,camelcase,1,add event listener,null,null,
2,false,154.20000000298023,camelcase,3,get by class,null,null,
2,false,163.60000000149012,kebabcase,4,local storage,null,null,
2,false,154,camelcase,1,word array,null,null,
2,false,163.70000000298023,kebabcase,1,correct index,null,null,
2,false,172.5,kebabcase,3,start time,null,null,
2,false,203.40000000596046,kebabcase,2,event bus,null,null,
2,false,154.5,camelcase,1,add event listener,null,null,
2,false,155.19999999552965,camelcase,3,get by class,null,null,
2,false,147.39999999850988,kebabcase,4,local storage,null,null,
2,false,154.80000000447035,camelcase,1,word array,null,null,
2,false,154.70000000298023,kebabcase,1,correct index,null,null,
2,false,145.89999999850988,kebabcase,3,start time,null,null,
2,false,472.5,kebabcase,2,event bus,null,null,
2,false,163.29999999701977,camelcase,1,add event listener,null,null,
2,false,146.60000000149012,camelcase,3,get by class,null,null,
2,false,138.59999999403954,kebabcase,4,local storage,null,null,
2,false,154.89999999850988,camelcase,1,word array,null,null,
2,false,146.5,kebabcase,1,correct index,null,null,
2,false,154.69999999552965,kebabcase,3,start time,null,null,
3,false,383.1000000014901,camelcase,4,event bus,null,null,
3,false,228,kebabcase,3,add event listener,null,null,
3,false,179.19999999552965,kebabcase,1,get by class,null,null,
3,false,137.40000000596046,camelcase,2,local storage,null,null,
3,false,138.70000000298023,kebabcase,3,word array,null,null,
3,false,147.20000000298023,camelcase,4,correct index,null,null,
3,false,163.09999999403954,camelcase,2,start time,null,null,
4,false,431.6000000014901,camelcase,2,event bus,null,null,
4,false,210.90000000596046,kebabcase,1,add event listener,null,null,
4,false,300.20000000298023,kebabcase,3,get by class,null,null,
4,false,236.30000000447035,camelcase,4,local storage,null,null,
4,false,285.19999999552965,kebabcase,1,word array,null,null,
4,false,440.29999999701977,camelcase,1,correct index,null,null,
4,false,220.80000000447035,camelcase,3,start time,null,null,
4,false,399.5,camelcase,1,ruby is cool,null,null,
4,false,422.3999999985099,camelcase,1,move over there,null,null,
4,true,12240.79999999702,camelcase,1,conjugate gradient descent,null,null,
9,false,367,kebabcase,4,event bus,trackpad,yes,
9,false,277.30000001192093,camelcase,3,add event listener,trackpad,yes,
9,false,234.69999998807907,camelcase,1,get by class,trackpad,yes,
9,false,291.69999998807907,kebabcase,2,local storage,trackpad,yes,
9,false,463.90000000596046,camelcase,3,word array,trackpad,yes,
9,false,2456.800000011921,kebabcase,4,correct index,trackpad,yes,
9,false,1600.5999999940395,kebabcase,2,start time,trackpad,yes,
9,true,2103.0999999940395,kebabcase,1,ruby is cool,trackpad,yes,
9,true,1243.699999988079,kebabcase,1,move over there,trackpad,yes,
9,false,6034.0999999940395,kebabcase,1,conjugate gradient descent,trackpad,yes,
9,false,1465.199999988079,kebabcase,4,event bus,null,null,
9,true,1673.2000000178814,camelcase,3,add event listener,null,null,
9,true,2104.5,camelcase,1,get by class,null,null,
9,true,1130.2000000178814,kebabcase,2,local storage,null,null,
9,true,1592.5,camelcase,3,word array,null,null,
9,false,1769.7000000178814,kebabcase,4,correct index,null,null,
9,true,2817.2000000178814,kebabcase,2,start time,null,null,
9,true,1068.8999999761581,kebabcase,1,ruby is cool,null,null,
9,true,1234.699999988079,kebabcase,1,move over there,null,null,
9,true,1786.4000000059605,kebabcase,1,conjugate gradient descent,null,null,
9,false,241.90000000596046,kebabcase,2,event bus,null,null,
9,false,149.40000000596046,camelcase,1,add event listener,null,null,
9,false,131.59999999403954,camelcase,3,get by class,null,null,
9,false,169.30000001192093,kebabcase,4,cookie clicker,null,null,
9,false,165,camelcase,1,word array,null,null,
9,false,176,kebabcase,1,is outer face,null,null,
9,false,214.19999998807907,kebabcase,1,ruby is cool,null,null,
9,false,203.19999998807907,kebabcase,1,orientation test,null,null,
9,false,223.7999999821186,kebabcase,1,move over there,null,null,
9,false,290.7000000178814,kebabcase,1,conjugate gradient descent,null,null,
9,false,282.09999999403954,kebabcase,1,medial axis transform,null,null,
9,false,295.59999999403954,kebabcase,1,large data set,null,null,
9,false,333.7999999821186,kebabcase,1,feedforward neural network,null,null,
9,false,254.2999999821186,kebabcase,1,counter clockwise,null,null,
9,false,243.30000001192093,kebabcase,1,origin point,null,null,
9,false,380.59999999403954,kebabcase,1,euclidean distance,null,null,
9,false,353,kebabcase,1,turing machine,null,null,
9,true,306.5,kebabcase,1,singleton factory,null,null,
9,true,290,kebabcase,1,train test split,null,null,
9,true,1319.2999999821186,kebabcase,1,up down right,null,null,
9,true,1046.800000011921,kebabcase,1,delaunay triangulation,null,null,
9,false,857,kebabcase,1,sin cos tan,null,null,
9,false,1674.7000000178814,kebabcase,1,new fixed thread pool,null,null,
9,true,6038.699999988079,kebabcase,1,terminate experiment!,null,null,
